0 19000 7000 20 0 0 0 100 300 -200 100 560 400
0.5 18990 6990 20 100.003 300 -200 100.003 300 -200 100 560 400
1 18980 6980 20 200.008 600 -400 100.005 300 -200 100 560 400
1.5 18970 6970 20 300.016 900 -600 100.008 300 -200 100 560 400
2 18960 6960 20 400.026 1200 -800 100.011 300 -200 100 560 400
2.5 18950 6950 20 500.04 1500 -1000 100.013 300 -200 100 560 400
3 18940 6940 20 600.055 1800 -1200 100.016 300 -200 100 560 400
3.5 18930 6930 20 700.074 2100 -1400 100.018 300 -200 100 560 400
4 18920 6920 20 800.095 2400 -1600 100.021 300 -200 100 560 400
4.5 18910 6910 20 900.119 2700 -1800 100.024 300 -200 100 560 400
5 18900 6900 20 1000.14 3000 -2000 100.026 300 -200 100 560 400
5.5 18890 6890 20 1100.17 3300 -2200 100.029 300 -200 100 560 400
6 18880 6880 20 1200.21 3600 -2400 100.032 300 -200 100 560 400
6.5 18870 6870 20 1300.24 3900 -2600 100.034 300 -200 100 560 400
7 18860 6860 20 1400.28 4200 -2800 100.037 300 -200 100 560 400
7.5 18850 6850 20 1500.32 4500 -3000 100.04 300 -200 100 560 400
8 18840 6840 20 1600.36 4800 -3200 100.042 300 -200 100 560 400
8.5 18830 6830 20 1700.4 5100 -3400 100.045 300 -200 100 560 400
9 18820 6820 20 1800.45 5400 -3600 100.048 300 -200 100 560 400
9.5 18810 6810 20 1900.5 5700 -3800 100.05 300 -200 100 560 400
10 18790 6790 20 2000.55 6000.01 -4000 100.053 300.015 -200 100 560 400
10.5 18770 6770 20 2100.61 6300.04 -4200 100.056 300.03 -200 100 560 400
11 18750 6750 20 2200.67 6600.09 -4400 100.058 300.045 -200 100 560 400
11.5 18730 6730 20 2300.73 6900.15 -4600 100.061 300.06 -200 100 560 400
12 18710 6710 20 2400.79 7200.22 -4800 100.064 300.075 -200 100 560 400
12.5 18690 6690 20 2500.86 7500.31 -5000 100.066 300.09 -200 100 560 400
13 18670 6670 20 2600.93 7800.42 -5200 100.069 300.105 -200 100 560 400
13.5 18650 6650 20 2701 8100.54 -5400 100.072 300.12 -200 100 560 400
14 18630 6630 20 2801.07 8400.67 -5600 100.074 300.135 -200 100 560 400
14.5 18610 6610 20 2901.15 8700.82 -5800 100.077 300.15 -200 100 560 400
15 18590 6590 20 3001.23 9000.99 -6000 100.08 300.165 -200 100 560 400
15.5 18570 6570 20 3101.31 9301.17 -6200 100.082 300.18 -200 100 560 400
16 18550 6550 20 3201.4 9601.36 -6400 100.085 300.195 -200 100 560 400
16.5 18530 6530 20 3301.49 9901.57 -6600 100.088 300.21 -200 100 560 400
17 18510 6510 20 3401.58 10201.8 -6800 100.09 300.225 -200 100 560 400
17.5 18490 6490 20 3501.67 10502 -7000 100.093 300.24 -200 100 560 400
18 18470 6470 20 3601.76 10802.3 -7200 100.096 300.255 -200 100 560 400
18.5 18450 6450 20 3701.86 11102.6 -7400 100.099 300.271 -200 100 560 400
19 18430 6430 20 3801.96 11402.8 -7600 100.101 300.286 -200 100 560 400
19.5 18410 6410 20 3902.07 11703.1 -7800 100.104 300.301 -200 100 560 400
20 18380 6380 20 4002.18 12003.5 -7999.99 100.107 300.316 -199.989 100 560 400
20.5 18350 6350 20 4102.28 12303.8 -8199.97 100.109 300.331 -199.978 100 560 400
21 18320 6320 20 4202.4 12604.1 -8399.93 100.112 300.347 -199.967 100 560 400
21.5 18290 6290 20 4302.51 12904.5 -8599.89 100.115 300.362 -199.956 100 560 400
22 18260 6260 20 4402.63 13204.9 -8799.84 100.118 300.377 -199.945 100 560 400
22.5 18230 6230 20 4502.75 13505.3 -8999.77 100.12 300.393 -199.935 100 560 400
23 18200 6200 20 4602.87 13805.7 -9199.69 100.123 300.408 -199.924 100 560 400
23.5 18170 6170 20 4703 14106.1 -9399.61 100.126 300.423 -199.913 100 560 400
24 18140 6140 20 4803.13 14406.5 -9599.51 100.129 300.439 -199.902 100 560 400
24.5 18110 6110 20 4903.26 14707 -9799.4 100.131 300.454 -199.89 100 560 400
25 18080 6080 20 5003.39 15007.5 -9999.28 100.134 300.47 -199.879 100 560 400
25.5 18050 6050 20 5103.53 15308 -10199.1 100.137 300.485 -199.868 100 560 400
26 18020 6020 20 5203.67 15608.5 -10399 100.14 300.501 -199.857 100 560 400
26.5 17990 5990 20 5303.81 15909 -10598.9 100.142 300.516 -199.846 100 560 400
27 17960 5960 20 5403.96 16209.5 -10798.7 100.145 300.532 -199.835 100 560 400
27.5 17930 5930 20 5504.1 16510.1 -10998.5 100.148 300.548 -199.824 100 560 400
28 17900 5900 20 5604.25 16810.6 -11198.3 100.151 300.563 -199.813 100 560 400
28.5 17870 5870 20 5704.41 17111.2 -11398.1 100.154 300.579 -199.802 100 560 400
29 17840 5840 20 5804.56 17411.8 -11597.9 100.156 300.595 -199.79 100 560 400
29.5 17810 5810 20 5904.72 17712.4 -11797.7 100.159 300.61 -199.779 100 560 400
30 17780 5780 20 6004.89 18013 -11997.5 100.162 300.626 -199.768 100 560 400
30.5 17750 5750 20 6105.05 18313.7 -12197.2 100.165 300.642 -199.757 100 560 400
31 17720 5720 20 6205.22 18614.3 -12397 100.168 300.658 -199.745 100 560 400
31.5 17690 5690 20 6305.39 18915 -12596.7 100.17 300.673 -199.734 100 560 400
32 17660 5660 20 6405.56 19215.7 -12796.4 100.173 300.689 -199.723 100 560 400
32.5 17630 5630 20 6505.74 19516.4 -12996.1 100.176 300.705 -199.711 100 560 400
33 17600 5600 20 6605.92 19817.1 -13195.8 100.179 300.721 -199.7 100 560 400
33.5 17570 5570 20 6706.1 20117.8 -13395.5 100.182 300.737 -199.689 100 560 400
34 17540 5540 20 6806.28 20418.6 -13595.2 100.185 300.753 -199.677 100 560 400
34.5 17510 5510 20 6906.47 20719.4 -13794.9 100.187 300.769 -199.666 100 560 400
35 17480 5480 20 7006.66 21020.2 -13994.5 100.19 300.785 -199.655 100 560 400
35.5 17450 5450 20 7106.85 21321 -14194.2 100.193 300.801 -199.643 100 560 400
36 17420 5420 20 7207.05 21621.8 -14393.8 100.196 300.817 -199.632 100 560 400
36.5 17390 5390 20 7307.25 21922.6 -14593.4 100.199 300.833 -199.62 100 560 400
37 17360 5360 20 7407.45 22223.5 -14793 100.202 300.849 -199.609 100 560 400
37.5 17330 5330 20 7507.65 22524.3 -14992.6 100.205 300.865 -199.597 100 560 400
38 17300 5300 20 7607.86 22825.2 -15192.2 100.208 300.882 -199.586 100 560 400
38.5 17270 5270 20 7708.07 23126.1 -15391.8 100.21 300.898 -199.574 100 560 400
39 17240 5240 20 7808.29 23427 -15591.3 100.213 300.914 -199.562 100 560 400
39.5 17210 5210 20 7908.5 23727.9 -15790.9 100.216 300.93 -199.551 100 560 400
40 17180 5180 20 8008.72 24028.9 -15990.4 100.219 300.946 -199.539 100 560 400
40.5 17150 5150 20 8108.94 24329.9 -16190 100.222 300.963 -199.527 100 560 400
41 17120 5120 20 8209.17 24630.8 -16389.5 100.225 300.979 -199.516 100 560 400
41.5 17090 5090 20 8309.4 24931.8 -16589 100.228 300.996 -199.504 100 560 400
42 17060 5060 20 8409.63 25232.8 -16788.5 100.231 301.012 -199.492 100 560 400
42.5 17030 5030 20 8509.86 25533.9 -16988 100.234 301.028 -199.481 100 560 400
43 17000 5000 20 8610.1 25834.9 -17187.4 100.237 301.045 -199.469 100 560 400
43.5 16970 4970 20 8710.34 26136 -17386.9 100.24 301.061 -199.457 100 560 400
44 16940 4940 20 8810.58 26437.1 -17586.3 100.243 301.078 -199.445 100 560 400
44.5 16910 4910 20 8910.82 26738.1 -17785.8 100.245 301.094 -199.434 100 560 400
45 16880 4880 20 9011.07 27039.3 -17985.2 100.248 301.111 -199.422 100 560 400
45.5 16850 4850 20 9111.32 27340.4 -18184.6 100.251 301.128 -199.41 100 560 400
46 16820 4820 20 9211.58 27641.5 -18384 100.254 301.144 -199.398 100 560 400
46.5 16790 4790 20 9311.84 27942.7 -18583.4 100.257 301.161 -199.386 100 560 400
47 16760 4760 20 9412.1 28243.9 -18782.7 100.26 301.178 -199.374 100 560 400
47.5 16730 4730 20 9512.36 28545.1 -18982.1 100.263 301.194 -199.362 100 560 400
48 16700 4700 20 9612.63 28846.3 -19181.5 100.266 301.211 -199.35 100 560 400
48.5 16670 4670 20 9712.9 29147.5 -19380.8 100.269 301.228 -199.338 100 560 400
49 16640 4640 20 9813.17 29448.7 -19580.1 100.272 301.245 -199.326 100 560 400
49.5 16610 4610 20 9913.44 29750 -19779.4 100.275 301.261 -199.314 100 560 400
50 16580 4580 20 10013.7 30051.3 -19978.7 100.278 301.278 -199.302 100 560 400
50.5 16550 4550 20 10114 30352.6 -20178 100.281 301.295 -199.29 100 560 400
51 16520 4520 20 10214.3 30653.9 -20377.3 100.284 301.312 -199.278 100 560 400
51.5 16490 4490 20 10314.6 30955.2 -20576.6 100.287 301.329 -199.266 100 560 400
52 16460 4460 20 10414.9 31256.6 -20775.8 100.29 301.346 -199.254 100 560 400
52.5 16430 4430 20 10515.2 31557.9 -20975.1 100.293 301.363 -199.242 100 560 400
53 16400 4400 20 10615.5 31859.3 -21174.3 100.296 301.38 -199.229 100 560 400
53.5 16370 4370 20 10715.8 32160.7 -21373.5 100.3 301.397 -199.217 100 560 400
54 16340 4340 20 10816.1 32462.1 -21572.7 100.303 301.415 -199.205 100 560 400
54.5 16310 4310 20 10916.4 32763.6 -21771.9 100.306 301.432 -199.193 100 560 400
55 16280 4280 20 11016.7 33065 -21971.1 100.309 301.449 -199.181 100 560 400
55.5 16250 4250 20 11117 33366.5 -22170.3 100.312 301.466 -199.168 100 560 400
56 16220 4220 20 11217.3 33668 -22369.4 100.315 301.483 -199.156 100 560 400
56.5 16190 4190 20 11317.6 33969.5 -22568.6 100.318 301.501 -199.144 100 560 400
57 16160 4160 20 11417.9 34271 -22767.7 100.321 301.518 -199.131 100 560 400
57.5 16130 4130 20 11518.3 34572.5 -22966.8 100.324 301.535 -199.119 100 560 400
58 16100 4100 20 11618.6 34874.1 -23165.9 100.327 301.553 -199.106 100 560 400
58.5 16070 4070 20 11718.9 35175.6 -23365 100.33 301.57 -199.094 100 560 400
59 16040 4040 20 11819.3 35477.2 -23564.1 100.333 301.588 -199.082 100 560 400
59.5 16010 4010 20 11919.6 35778.8 -23763.2 100.337 301.605 -199.069 100 560 400
60 15980 3980 20 12019.9 36080.4 -23962.2 100.34 301.623 -199.057 100 560 400
