0 15000 5000 10 0 0 0 100 100 100 0 0 0
1 15000 5000 10 100 100 100 100 100 100 0 0 0
2 15000 5000 10 200 200 200 100 100 100 0 0 0
3 15000 5000 10 300 300 300 100 100 100 0 0 0
4 15000 5000 10 400 400 400 100 100 100 0 0 0
5 15000 5000 10 500 500 500 100 100 100 0 0 0
6 15000 5000 10 600 600 600 100 100 100 0 0 0
7 15000 5000 10 700 700 700 100 100 100 0 0 0
8 15000 5000 10 800 800 800 100 100 100 0 0 0
9 15000 5000 10 900 900 900 100 100 100 0 0 0
10 15000 5000 10 1000 1000 1000 100 100 100 0 0 0
11 15000 5000 10 1100 1100 1100 100 100 100 0 0 0
12 15000 5000 10 1200 1200 1200 100 100 100 0 0 0
13 15000 5000 10 1300 1300 1300 100 100 100 0 0 0
14 15000 5000 10 1400 1400 1400 100 100 100 0 0 0
15 15000 5000 10 1500 1500 1500 100 100 100 0 0 0
16 15000 5000 10 1600 1600 1600 100 100 100 0 0 0
17 15000 5000 10 1700 1700 1700 100 100 100 0 0 0
18 15000 5000 10 1800 1800 1800 100 100 100 0 0 0
19 15000 5000 10 1900 1900 1900 100 100 100 0 0 0
20 15000 5000 10 2000 2000 2000 100 100 100 0 0 0
21 15000 5000 10 2100 2100 2100 100 100 100 0 0 0
22 15000 5000 10 2200 2200 2200 100 100 100 0 0 0
23 15000 5000 10 2300 2300 2300 100 100 100 0 0 0
24 15000 5000 10 2400 2400 2400 100 100 100 0 0 0
25 15000 5000 10 2500 2500 2500 100 100 100 0 0 0
26 15000 5000 10 2600 2600 2600 100 100 100 0 0 0
27 15000 5000 10 2700 2700 2700 100 100 100 0 0 0
28 15000 5000 10 2800 2800 2800 100 100 100 0 0 0
29 15000 5000 10 2900 2900 2900 100 100 100 0 0 0
30 15000 5000 10 3000 3000 3000 100 100 100 0 0 0
31 15000 5000 10 3100 3100 3100 100 100 100 0 0 0
32 15000 5000 10 3200 3200 3200 100 100 100 0 0 0
33 15000 5000 10 3300 3300 3300 100 100 100 0 0 0
34 15000 5000 10 3400 3400 3400 100 100 100 0 0 0
35 15000 5000 10 3500 3500 3500 100 100 100 0 0 0
36 15000 5000 10 3600 3600 3600 100 100 100 0 0 0
37 15000 5000 10 3700 3700 3700 100 100 100 0 0 0
38 15000 5000 10 3800 3800 3800 100 100 100 0 0 0
39 15000 5000 10 3900 3900 3900 100 100 100 0 0 0
40 15000 5000 10 4000 4000 4000 100 100 100 0 0 0
41 15000 5000 10 4100 4100 4100 100 100 100 0 0 0
42 15000 5000 10 4200 4200 4200 100 100 100 0 0 0
43 15000 5000 10 4300 4300 4300 100 100 100 0 0 0
44 15000 5000 10 4400 4400 4400 100 100 100 0 0 0
45 15000 5000 10 4500 4500 4500 100 100 100 0 0 0
46 15000 5000 10 4600 4600 4600 100 100 100 0 0 0
47 15000 5000 10 4700 4700 4700 100 100 100 0 0 0
48 15000 5000 10 4800 4800 4800 100 100 100 0 0 0
49 15000 5000 10 4900 4900 4900 100 100 100 0 0 0
50 15000 5000 10 5000 5000 5000 100 100 100 0 0 0
51 15000 5000 10 5100 5100 5100 100 100 100 0 0 0
52 15000 5000 10 5200 5200 5200 100 100 100 0 0 0
53 15000 5000 10 5300 5300 5300 100 100 100 0 0 0
54 15000 5000 10 5400 5400 5400 100 100 100 0 0 0
55 15000 5000 10 5500 5500 5500 100 100 100 0 0 0
56 15000 5000 10 5600 5600 5600 100 100 100 0 0 0
57 15000 5000 10 5700 5700 5700 100 100 100 0 0 0
58 15000 5000 10 5800 5800 5800 100 100 100 0 0 0
59 15000 5000 10 5900 5900 5900 100 100 100 0 0 0
60 15000 5000 10 6000 6000 6000 100 100 100 0 0 0
61 15000 5000 10 6100 6100 6100 100 100 100 0 0 0
62 15000 5000 10 6200 6200 6200 100 100 100 0 0 0
63 15000 5000 10 6300 6300 6300 100 100 100 0 0 0
64 15000 5000 10 6400 6400 6400 100 100 100 0 0 0
65 15000 5000 10 6500 6500 6500 100 100 100 0 0 0
66 15000 5000 10 6600 6600 6600 100 100 100 0 0 0
67 15000 5000 10 6700 6700 6700 100 100 100 0 0 0
68 15000 5000 10 6800 6800 6800 100 100 100 0 0 0
69 15000 5000 10 6900 6900 6900 100 100 100 0 0 0
70 15000 5000 10 7000 7000 7000 100 100 100 0 0 0
71 15000 5000 10 7100 7100 7100 100 100 100 0 0 0
72 15000 5000 10 7200 7200 7200 100 100 100 0 0 0
73 15000 5000 10 7300 7300 7300 100 100 100 0 0 0
74 15000 5000 10 7400 7400 7400 100 100 100 0 0 0
75 15000 5000 10 7500 7500 7500 100 100 100 0 0 0
76 15000 5000 10 7600 7600 7600 100 100 100 0 0 0
77 15000 5000 10 7700 7700 7700 100 100 100 0 0 0
78 15000 5000 10 7800 7800 7800 100 100 100 0 0 0
79 15000 5000 10 7900 7900 7900 100 100 100 0 0 0
80 15000 5000 10 8000 8000 8000 100 100 100 0 0 0
81 15000 5000 10 8100 8100 8100 100 100 100 0 0 0
82 15000 5000 10 8200 8200 8200 100 100 100 0 0 0
83 15000 5000 10 8300 8300 8300 100 100 100 0 0 0
84 15000 5000 10 8400 8400 8400 100 100 100 0 0 0
85 15000 5000 10 8500 8500 8500 100 100 100 0 0 0
86 15000 5000 10 8600 8600 8600 100 100 100 0 0 0
87 15000 5000 10 8700 8700 8700 100 100 100 0 0 0
88 15000 5000 10 8800 8800 8800 100 100 100 0 0 0
89 15000 5000 10 8900 8900 8900 100 100 100 0 0 0
90 15000 5000 10 9000 9000 9000 100 100 100 0 0 0
91 15000 5000 10 9100 9100 9100 100 100 100 0 0 0
92 15000 5000 10 9200 9200 9200 100 100 100 0 0 0
93 15000 5000 10 9300 9300 9300 100 100 100 0 0 0
94 15000 5000 10 9400 9400 9400 100 100 100 0 0 0
95 15000 5000 10 9500 9500 9500 100 100 100 0 0 0
96 15000 5000 10 9600 9600 9600 100 100 100 0 0 0
97 15000 5000 10 9700 9700 9700 100 100 100 0 0 0
98 15000 5000 10 9800 9800 9800 100 100 100 0 0 0
99 15000 5000 10 9900 9900 9900 100 100 100 0 0 0
100 15000 5000 10 10000 10000 10000 100 100 100 0 0 0
