0 15000 5000 10 0 0 0 0 0 0 0 0 0 0 0 0 -1.21442e-06 -1.21565e-06 -1.21689e-06
1 15000 5000 10 -11000 -12000 -13000 2.50358e-16 2.5223e-16 2.54128e-16 0 0 0 1.87768e-12 1.89172e-12 1.90596e-12 -1.21442e-06 -1.21565e-06 -1.21689e-06
2 15000 5000 10 -22000 -24000 -26000 5.22862e-16 5.29159e-16 5.35619e-16 0 0 0 3.92146e-12 3.96869e-12 4.01714e-12 -1.22808e-06 -1.2306e-06 -1.23313e-06
3 15000 5000 10 -33000 -36000 -39000 8.21475e-16 8.35714e-16 8.50514e-16 0 0 0 6.16106e-12 6.26786e-12 6.37885e-12 -1.24205e-06 -1.24592e-06 -1.24981e-06
4 15000 5000 10 -44000 -48000 -52000 1.15123e-15 1.17832e-15 1.2069e-15 0 0 0 8.63425e-12 8.83736e-12 9.05174e-12 -1.25635e-06 -1.26162e-06 -1.26695e-06
5 15000 5000 10 -55000 -60000 -65000 1.51863e-15 1.56549e-15 1.61585e-15 0 0 0 1.13897e-11 1.17412e-11 1.21189e-11 -1.27097e-06 -1.27773e-06 -1.28456e-06
6 15000 5000 10 -66000 -72000 -78000 1.93221e-15 2.00885e-15 2.093e-15 0 0 0 1.44915e-11 1.50664e-11 1.56975e-11 -1.28594e-06 -1.29425e-06 -1.30267e-06
7 15000 5000 10 -77000 -84000 -91000 2.40341e-15 2.52457e-15 2.6611e-15 0 0 0 1.80256e-11 1.89343e-11 1.99582e-11 -1.30126e-06 -1.31121e-06 -1.3213e-06
8 15000 5000 10 -88000 -96000 -104000 2.94799e-15 3.13599e-15 3.3547e-15 0 0 0 2.21099e-11 2.35199e-11 2.51602e-11 -1.31696e-06 -1.32861e-06 -1.34048e-06
9 15000 5000 10 -99000 -108000 -117000 3.58818e-15 3.87797e-15 4.22888e-15 0 0 0 2.69114e-11 2.90848e-11 3.17166e-11 -1.33304e-06 -1.34649e-06 -1.36021e-06
10 15000 5000 10 -110000 -120000 -130000 4.35653e-15 4.80514e-15 5.37726e-15 0 0 0 3.2674e-11 3.60386e-11 4.03294e-11 -1.34951e-06 -1.36485e-06 -1.38054e-06
11 15000 5000 10 -121000 -132000 -143000 5.30255e-15 6.00816e-15 6.97271e-15 0 0 0 3.97692e-11 4.50612e-11 5.22953e-11 -1.3664e-06 -1.38372e-06 -1.40148e-06
12 15000 5000 10 -132000 -144000 -156000 6.50557e-15 7.64926e-15 9.37339e-15 0 0 0 4.87918e-11 5.73694e-11 7.03004e-11 -1.38372e-06 -1.40311e-06 -1.42306e-06
13 15000 5000 10 -143000 -156000 -169000 8.10103e-15 1.00499e-14 1.34588e-14 0 0 0 6.07577e-11 7.53745e-11 1.00941e-10 -1.40148e-06 -1.42306e-06 -1.44533e-06
14 15000 5000 10 -154000 -168000 -182000 1.03406e-14 1.39483e-14 2.20894e-14 0 0 0 7.75548e-11 1.04612e-10 1.6567e-10 -1.4197e-06 -1.44359e-06 -1.4683e-06
15 15000 5000 10 -165000 -180000 -195000 1.37506e-14 2.14813e-14 5.18689e-14 0 0 0 1.03129e-10 1.6111e-10 3.89017e-10 -1.4384e-06 -1.46471e-06 -1.49201e-06
16 15000 5000 10 -176000 -192000 -208000 1.96407e-14 4.21984e-14 1.72014e-12 0 0 0 1.47305e-10 3.16488e-10 1.29011e-08 -1.4576e-06 -1.48647e-06 -1.5165e-06
17 15000 5000 10 -187000 -204000 -221000 3.23754e-14 2.27674e-13 1.77542e-12 0 0 0 2.42815e-10 1.70756e-09 1.33157e-08 -1.47733e-06 -1.50888e-06 -1.54181e-06
18 15000 5000 10 -198000 -216000 -234000 7.88373e-14 4.13154e-13 1.78714e-12 0 0 0 5.9128e-10 3.09866e-09 1.34036e-08 -1.49759e-06 -1.53197e-06 -1.56797e-06
19 15000 5000 10 -209000 -228000 -247000 6.75156e-12 4.33883e-13 1.79216e-12 0 0 0 5.06367e-08 3.25412e-09 1.34412e-08 -1.51841e-06 -1.55579e-06 -1.59504e-06
20 15000 5000 10 -220000 -240000 -260000 6.81841e-12 4.41436e-13 1.79497e-12 0 0 0 5.11381e-08 3.31077e-09 1.34623e-08 -1.53983e-06 -1.58035e-06 -1.62306e-06
21 15000 5000 10 -231000 -252000 -273000 6.83368e-12 4.45362e-13 1.79681e-12 0 0 0 5.12526e-08 3.34021e-09 1.3476e-08 -1.56185e-06 -1.6057e-06 -1.65209e-06
22 15000 5000 10 -242000 -264000 -286000 6.84033e-12 4.47798e-13 1.79812e-12 0 0 0 5.13025e-08 3.35848e-09 1.34859e-08 -1.58452e-06 -1.63188e-06 -1.68217e-06
23 15000 5000 10 -253000 -276000 -299000 6.84409e-12 4.49482e-13 1.79912e-12 0 0 0 5.13306e-08 3.37112e-09 1.34934e-08 -1.60785e-06 -1.65893e-06 -1.71336e-06
24 15000 5000 10 -264000 -288000 -312000 6.84652e-12 4.50737e-13 1.79993e-12 0 0 0 5.13489e-08 3.38053e-09 1.34995e-08 -1.63188e-06 -1.68689e-06 -1.74574e-06
25 15000 5000 10 -275000 -300000 -325000 6.84825e-12 4.51724e-13 1.80061e-12 0 0 0 5.13619e-08 3.38793e-09 1.35046e-08 -1.65664e-06 -1.71581e-06 -1.77936e-06
26 15000 5000 10 -286000 -312000 -338000 6.84957e-12 4.52535e-13 1.8012e-12 0 0 0 5.13717e-08 3.39401e-09 1.3509e-08 -1.68217e-06 -1.74574e-06 -1.8143e-06
27 15000 5000 10 -297000 -324000 -351000 6.85061e-12 4.53223e-13 1.80173e-12 0 0 0 5.13796e-08 3.39917e-09 1.3513e-08 -1.70849e-06 -1.77673e-06 -1.85064e-06
28 15000 5000 10 -308000 -336000 -364000 6.85147e-12 4.53825e-13 1.80221e-12 0 0 0 5.1386e-08 3.40369e-09 1.35166e-08 -1.73564e-06 -1.80883e-06 -1.88847e-06
29 15000 5000 10 -319000 -348000 -377000 6.85221e-12 4.54364e-13 1.80265e-12 0 0 0 5.13915e-08 3.40773e-09 1.35199e-08 -1.76368e-06 -1.84213e-06 -1.92788e-06
30 15000 5000 10 -330000 -360000 -390000 6.85285e-12 4.54856e-13 1.80308e-12 0 0 0 5.13964e-08 3.41142e-09 1.35231e-08 -1.79264e-06 -1.87667e-06 -1.96896e-06
31 15000 5000 10 -341000 -372000 -403000 6.85342e-12 4.55313e-13 1.80348e-12 0 0 0 5.14007e-08 3.41485e-09 1.35261e-08 -1.82256e-06 -1.91253e-06 -2.01184e-06
32 15000 5000 10 -352000 -384000 -416000 6.85394e-12 4.55745e-13 1.80387e-12 0 0 0 5.14046e-08 3.41809e-09 1.3529e-08 -1.8535e-06 -1.94978e-06 -2.05662e-06
33 15000 5000 10 -363000 -396000 -429000 6.85443e-12 4.56157e-13 1.80426e-12 0 0 0 5.14082e-08 3.42118e-09 1.35319e-08 -1.8855e-06 -1.98852e-06 -2.10344e-06
34 15000 5000 10 -374000 -408000 -442000 6.85488e-12 4.56556e-13 1.80464e-12 0 0 0 5.14116e-08 3.42417e-09 1.35348e-08 -1.91864e-06 -2.02883e-06 -2.15245e-06
35 15000 5000 10 -385000 -420000 -455000 6.85531e-12 4.56945e-13 1.80502e-12 0 0 0 5.14148e-08 3.42709e-09 1.35376e-08 -1.95295e-06 -2.0708e-06 -2.20379e-06
36 15000 5000 10 -396000 -432000 -468000 6.85572e-12 4.57329e-13 1.8054e-12 0 0 0 5.14179e-08 3.42996e-09 1.35405e-08 -1.98852e-06 -2.11455e-06 -2.25764e-06
37 15000 5000 10 -407000 -444000 -481000 6.85612e-12 4.57709e-13 1.80579e-12 0 0 0 5.14209e-08 3.43282e-09 1.35434e-08 -2.02541e-06 -2.16019e-06 -2.31419e-06
38 15000 5000 10 -418000 -456000 -494000 6.85651e-12 4.5809e-13 1.80618e-12 0 0 0 5.14238e-08 3.43568e-09 1.35464e-08 -2.06369e-06 -2.20784e-06 -2.37365e-06
39 15000 5000 10 -429000 -468000 -507000 6.85689e-12 4.58473e-13 1.80659e-12 0 0 0 5.14267e-08 3.43855e-09 1.35494e-08 -2.10344e-06 -2.25764e-06 -2.43624e-06
40 15000 5000 10 -440000 -480000 -520000 6.85728e-12 4.58861e-13 1.80701e-12 0 0 0 5.14296e-08 3.44146e-09 1.35526e-08 -2.14476e-06 -2.30974e-06 -2.50222e-06
41 15000 5000 10 -451000 -492000 -533000 6.85766e-12 4.59255e-13 1.80744e-12 0 0 0 5.14324e-08 3.44441e-09 1.35558e-08 -2.18773e-06 -2.3643e-06 -2.57188e-06
42 15000 5000 10 -462000 -504000 -546000 6.85804e-12 4.59658e-13 1.80789e-12 0 0 0 5.14353e-08 3.44743e-09 1.35591e-08 -2.23247e-06 -2.4215e-06 -2.64552e-06
43 15000 5000 10 -473000 -516000 -559000 6.85842e-12 4.60071e-13 1.80835e-12 0 0 0 5.14382e-08 3.45053e-09 1.35626e-08 -2.27906e-06 -2.48154e-06 -2.72351e-06
44 15000 5000 10 -484000 -528000 -572000 6.85881e-12 4.60496e-13 1.80884e-12 0 0 0 5.14411e-08 3.45372e-09 1.35663e-08 -2.32765e-06 -2.54463e-06 -2.80623e-06
45 15000 5000 10 -495000 -540000 -585000 6.85921e-12 4.60936e-13 1.80935e-12 0 0 0 5.14441e-08 3.45702e-09 1.35701e-08 -2.37835e-06 -2.61101e-06 -2.89414e-06
46 15000 5000 10 -506000 -552000 -598000 6.85961e-12 4.61392e-13 1.80989e-12 0 0 0 5.14471e-08 3.46044e-09 1.35742e-08 -2.43131e-06 -2.68095e-06 -2.98773e-06
47 15000 5000 10 -517000 -564000 -611000 6.86003e-12 4.61867e-13 1.81046e-12 0 0 0 5.14502e-08 3.464e-09 1.35785e-08 -2.48668e-06 -2.75474e-06 -3.08757e-06
48 15000 5000 10 -528000 -576000 -624000 6.86045e-12 4.62362e-13 1.81107e-12 0 0 0 5.14534e-08 3.46771e-09 1.3583e-08 -2.54463e-06 -2.8327e-06 -3.19432e-06
49 15000 5000 10 -539000 -588000 -637000 6.86089e-12 4.6288e-13 1.81171e-12 0 0 0 5.14567e-08 3.4716e-09 1.35878e-08 -2.60535e-06 -2.91521e-06 -3.30872e-06
50 15000 5000 10 -550000 -600000 -650000 6.86134e-12 4.63425e-13 1.8124e-12 0 0 0 5.14601e-08 3.47568e-09 1.3593e-08 -2.66904e-06 -3.00267e-06 -3.43162e-06
51 15000 5000 10 -561000 -612000 -663000 6.86181e-12 4.63998e-13 1.81314e-12 0 0 0 5.14636e-08 3.47998e-09 1.35985e-08 -2.73591e-06 -3.09553e-06 -3.56399e-06
52 15000 5000 10 -572000 -624000 -676000 6.8623e-12 4.64603e-13 1.81393e-12 0 0 0 5.14673e-08 3.48452e-09 1.36045e-08 -2.80623e-06 -3.19432e-06 -3.70699e-06
53 15000 5000 10 -583000 -636000 -689000 6.86281e-12 4.65244e-13 1.81479e-12 0 0 0 5.14711e-08 3.48933e-09 1.36109e-08 -2.88025e-06 -3.29963e-06 -3.86195e-06
54 15000 5000 10 -594000 -648000 -702000 6.86334e-12 4.65925e-13 1.81572e-12 0 0 0 5.14751e-08 3.49444e-09 1.36179e-08 -2.95829e-06 -3.41212e-06 -4.03042e-06
55 15000 5000 10 -605000 -660000 -715000 6.8639e-12 4.66651e-13 1.81673e-12 0 0 0 5.14792e-08 3.49988e-09 1.36255e-08 -3.04067e-06 -3.53255e-06 -4.21427e-06
56 15000 5000 10 -616000 -672000 -728000 6.86448e-12 4.67426e-13 1.81784e-12 0 0 0 5.14836e-08 3.5057e-09 1.36338e-08 -3.12778e-06 -3.66179e-06 -4.41568e-06
57 15000 5000 10 -627000 -684000 -741000 6.86509e-12 4.68258e-13 1.81905e-12 0 0 0 5.14882e-08 3.51193e-09 1.36429e-08 -3.22002e-06 -3.80084e-06 -4.63732e-06
58 15000 5000 10 -638000 -696000 -754000 6.86574e-12 4.69152e-13 1.8204e-12 0 0 0 5.14931e-08 3.51864e-09 1.3653e-08 -3.31786e-06 -3.95088e-06 -4.88238e-06
59 15000 5000 10 -649000 -708000 -767000 6.86643e-12 4.70118e-13 1.8219e-12 0 0 0 5.14982e-08 3.52589e-09 1.36642e-08 -3.42184e-06 -4.11324e-06 -5.15479e-06
60 15000 5000 10 -660000 -720000 -780000 6.86715e-12 4.71165e-13 1.82357e-12 0 0 0 5.15036e-08 3.53374e-09 1.36768e-08 -3.53255e-06 -4.28952e-06 -5.45939e-06
61 15000 5000 10 -671000 -732000 -793000 6.86792e-12 4.72305e-13 1.82546e-12 0 0 0 5.15094e-08 3.54229e-09 1.36909e-08 -3.65066e-06 -4.48159e-06 -5.80225e-06
62 15000 5000 10 -682000 -744000 -806000 6.86875e-12 4.7355e-13 1.82761e-12 0 0 0 5.15156e-08 3.55162e-09 1.3707e-08 -3.77694e-06 -4.69166e-06 -6.19106e-06
63 15000 5000 10 -693000 -756000 -819000 6.86962e-12 4.74917e-13 1.83007e-12 0 0 0 5.15222e-08 3.56188e-09 1.37255e-08 -3.91227e-06 -4.9224e-06 -6.63572e-06
64 15000 5000 10 -704000 -768000 -832000 6.87056e-12 4.76426e-13 1.83292e-12 0 0 0 5.15292e-08 3.5732e-09 1.37469e-08 -4.05766e-06 -5.17701e-06 -7.1492e-06
65 15000 5000 10 -715000 -780000 -845000 6.87158e-12 4.78101e-13 1.83627e-12 0 0 0 5.15368e-08 3.58576e-09 1.3772e-08 -4.21427e-06 -5.45939e-06 -7.74881e-06
66 15000 5000 10 -726000 -792000 -858000 6.87267e-12 4.79972e-13 1.84026e-12 0 0 0 5.1545e-08 3.59979e-09 1.38019e-08 -4.38345e-06 -5.77436e-06 -8.45821e-06
67 15000 5000 10 -737000 -804000 -871000 6.87385e-12 4.82075e-13 1.84509e-12 0 0 0 5.15539e-08 3.61556e-09 1.38381e-08 -4.56679e-06 -6.12789e-06 -9.31059e-06
68 15000 5000 10 -748000 -816000 -884000 6.87513e-12 4.84458e-13 1.85105e-12 0 0 0 5.15635e-08 3.63344e-09 1.38829e-08 -4.76614e-06 -6.52753e-06 -1.0354e-05
69 15000 5000 10 -759000 -828000 -897000 6.87653e-12 4.87182e-13 1.85861e-12 0 0 0 5.1574e-08 3.65387e-09 1.39396e-08 -4.98368e-06 -6.98294e-06 -1.16608e-05
70 15000 5000 10 -770000 -840000 -910000 6.87807e-12 4.90327e-13 1.86851e-12 0 0 0 5.15855e-08 3.67745e-09 1.40138e-08 -5.22203e-06 -7.50666e-06 -1.33452e-05
71 15000 5000 10 -781000 -852000 -923000 6.87976e-12 4.93998e-13 1.88203e-12 0 0 0 5.15982e-08 3.70499e-09 1.41152e-08 -5.48432e-06 -8.11531e-06 -1.55983e-05
72 15000 5000 10 -792000 -864000 -936000 6.88163e-12 4.98343e-13 1.90159e-12 0 0 0 5.16122e-08 3.73757e-09 1.42619e-08 -5.77436e-06 -8.83137e-06 -1.87667e-05
73 15000 5000 10 -803000 -876000 -949000 6.88371e-12 5.03566e-13 1.93239e-12 0 0 0 5.16278e-08 3.77674e-09 1.44929e-08 -6.09678e-06 -9.68602e-06 -2.35503e-05
74 15000 5000 10 -814000 -888000 -962000 6.88604e-12 5.09963e-13 1.98785e-12 0 0 0 5.16453e-08 3.82473e-09 1.49089e-08 -6.45735e-06 -1.07238e-05 -3.1607e-05
75 15000 5000 10 -825000 -900000 -975000 6.88868e-12 5.17985e-13 2.11598e-12 0 0 0 5.16651e-08 3.88488e-09 1.58698e-08 -6.86324e-06 -1.20107e-05 -4.80426e-05
76 15000 5000 10 -836000 -912000 -988000 6.89167e-12 5.28338e-13 2.67204e-12 0 0 0 5.16875e-08 3.96253e-09 2.00403e-08 -7.32357e-06 -1.36485e-05 -0.000100089
77 15000 5000 10 -847000 -924000 -1.001e+06 6.89511e-12 5.42214e-13 8.27431e-11 0 0 0 5.17133e-08 4.0666e-09 6.20573e-07 -7.85011e-06 -1.58035e-05 0.00120107
78 15000 5000 10 -858000 -936000 -1.014e+06 6.89909e-12 5.61775e-13 8.31517e-11 0 0 0 5.17432e-08 4.21331e-09 6.23637e-07 -8.45821e-06 -1.87667e-05 8.57904e-05
79 15000 5000 10 -869000 -948000 -1.027e+06 6.90378e-12 5.91399e-13 8.32615e-11 0 0 0 5.17783e-08 4.43549e-09 6.24461e-07 -9.16844e-06 -2.30974e-05 4.44839e-05
80 15000 5000 10 -880000 -960000 -1.04e+06 6.90935e-12 6.41456e-13 8.33116e-11 0 0 0 5.18201e-08 4.81092e-09 6.24837e-07 -1.00089e-05 -3.00267e-05 3.00267e-05
81 15000 5000 10 -891000 -972000 -1.053e+06 6.91611e-12 7.43599e-13 8.33401e-11 0 0 0 5.18708e-08 5.57699e-09 6.25051e-07 -1.1019e-05 -4.28952e-05 2.26616e-05
82 15000 5000 10 -902000 -984000 -1.066e+06 6.92446e-12 1.05639e-12 8.33585e-11 0 0 0 5.19334e-08 7.92291e-09 6.25189e-07 -1.22558e-05 -7.50666e-05 1.8198e-05
83 15000 5000 10 -913000 -996000 -1.079e+06 6.93505e-12 6.06084e-12 8.33713e-11 0 0 0 5.20129e-08 4.54563e-08 6.25285e-07 -1.38054e-05 -0.000300267 1.52034e-05
84 15000 5000 10 -924000 -1.008e+06 -1.092e+06 6.94892e-12 7.31196e-12 8.33808e-11 0 0 0 5.21169e-08 5.48397e-08 6.25356e-07 -1.58035e-05 0.000150133 1.30551e-05
85 15000 5000 10 -935000 -1.02e+06 -1.105e+06 6.96789e-12 7.51215e-12 8.3388e-11 0 0 0 5.22592e-08 5.63411e-08 6.2541e-07 -1.84779e-05 6.00533e-05 1.14387e-05
86 15000 5000 10 -946000 -1.032e+06 -1.118e+06 6.99536e-12 7.59035e-12 8.33938e-11 0 0 0 5.24652e-08 5.69277e-08 6.25454e-07 -2.2242e-05 3.75333e-05 1.01785e-05
87 15000 5000 10 -957000 -1.044e+06 -1.131e+06 7.03868e-12 7.63172e-12 8.33985e-11 0 0 0 5.27901e-08 5.72379e-08 6.25489e-07 -2.79318e-05 2.7297e-05 9.16844e-06
88 15000 5000 10 -968000 -1.056e+06 -1.144e+06 7.11688e-12 7.65726e-12 8.34023e-11 0 0 0 5.33766e-08 5.74295e-08 6.25518e-07 -3.75333e-05 2.14476e-05 8.34074e-06
89 15000 5000 10 -979000 -1.068e+06 -1.157e+06 7.29846e-12 7.67459e-12 8.34056e-11 0 0 0 5.47385e-08 5.75594e-08 6.25542e-07 -5.71936e-05 1.76627e-05 7.6501e-06
90 15000 5000 10 -990000 -1.08e+06 -1.17e+06 8.09918e-12 7.68711e-12 8.34084e-11 0 0 0 6.07439e-08 5.76533e-08 6.25563e-07 -0.000120107 1.50133e-05 7.0651e-06
91 15000 5000 10 -1.001e+06 -1.092e+06 -1.183e+06 8.81703e-11 7.69658e-12 8.34108e-11 0 0 0 6.61277e-07 5.77243e-08 6.25581e-07 0.00120107 1.30551e-05 6.5632e-06
92 15000 5000 10 -1.012e+06 -1.104e+06 -1.196e+06 8.87263e-11 7.70399e-12 8.34129e-11 0 0 0 6.65448e-07 5.77799e-08 6.25597e-07 0.000100089 1.15487e-05 6.12789e-06
93 15000 5000 10 -1.023e+06 -1.116e+06 -1.209e+06 8.88777e-11 7.70995e-12 8.34147e-11 0 0 0 6.66583e-07 5.78246e-08 6.2561e-07 5.22203e-05 1.0354e-05 5.74673e-06
94 15000 5000 10 -1.034e+06 -1.128e+06 -1.222e+06 8.8947e-11 7.71484e-12 8.34163e-11 0 0 0 6.67102e-07 5.78613e-08 6.25623e-07 3.53255e-05 9.38333e-06 5.41021e-06
95 15000 5000 10 -1.045e+06 -1.14e+06 -1.235e+06 8.89865e-11 7.71894e-12 8.34178e-11 0 0 0 6.67399e-07 5.7892e-08 6.25633e-07 2.66904e-05 8.57904e-06 5.11092e-06
96 15000 5000 10 -1.056e+06 -1.152e+06 -1.248e+06 8.90121e-11 7.72241e-12 8.34191e-11 0 0 0 6.67591e-07 5.79181e-08 6.25643e-07 2.14476e-05 7.90175e-06 4.84301e-06
97 15000 5000 10 -1.067e+06 -1.164e+06 -1.261e+06 8.90299e-11 7.72539e-12 8.34203e-11 0 0 0 6.67724e-07 5.79405e-08 6.25652e-07 1.79264e-05 7.32357e-06 4.60179e-06
98 15000 5000 10 -1.078e+06 -1.176e+06 -1.274e+06 8.90431e-11 7.72799e-12 8.34214e-11 0 0 0 6.67823e-07 5.79599e-08 6.2566e-07 1.53983e-05 6.82424e-06 4.38345e-06
99 15000 5000 10 -1.089e+06 -1.188e+06 -1.287e+06 8.90532e-11 7.73026e-12 8.34223e-11 0 0 0 6.67899e-07 5.79769e-08 6.25668e-07 1.34951e-05 6.38865e-06 4.1849e-06
100 15000 5000 10 -1.1e+06 -1.2e+06 -1.3e+06 8.90612e-11 7.73227e-12 8.34232e-11 0 0 0 6.67959e-07 5.7992e-08 6.25674e-07 1.20107e-05 6.00533e-06 4.00355e-06
100 15000 5000 10 -1.1e+06 -1.2e+06 -1.3e+06 8.90612e-11 7.73227e-12 8.34232e-11 0 0 0 6.67959e-07 5.7992e-08 6.25674e-07 1.20107e-05 6.00533e-06 4.00355e-06
100 15000 5000 10 -1.1e+06 -1.2e+06 -1.3e+06 8.90612e-11 7.73227e-12 8.34232e-11 0 0 0 6.67959e-07 5.7992e-08 6.25674e-07 1.20107e-05 6.00533e-06 4.00355e-06
100 15000 5000 10 -1.1e+06 -1.2e+06 -1.3e+06 8.90612e-11 7.73227e-12 8.34232e-11 0 0 0 6.67959e-07 5.7992e-08 6.25674e-07 1.20107e-05 6.00533e-06 4.00355e-06
100 15000 5000 10 -1.1e+06 -1.2e+06 -1.3e+06 8.90612e-11 7.73227e-12 8.34232e-11 0 0 0 6.67959e-07 5.7992e-08 6.25674e-07 1.20107e-05 6.00533e-06 4.00355e-06
100 15000 5000 10 -1.1e+06 -1.2e+06 -1.3e+06 8.90612e-11 7.73227e-12 8.34232e-11 0 0 0 6.67959e-07 5.7992e-08 6.25674e-07 1.20107e-05 6.00533e-06 4.00355e-06
